Reacoes de apoio [N]
[[-6484.27553502]
 [ -766.0555582 ]
 [ 1899.59203226]
 [-4555.68651359]
 [  766.01017793]
 [ 1049.71649904]
 [ 1937.90052931]
 [-3828.94019434]
 [-1937.98545424]
 [ 3199.68027176]
 [-3577.35129696]]

Deslocamentos [m]
[[ 0.        ]
 [ 0.        ]
 [ 0.00097013]
 [-0.00416345]
 [ 0.00034735]
 [-0.00450276]
 [ 0.00025074]
 [-0.0042866 ]
 [ 0.0005393 ]
 [-0.00447811]
 [-0.00031321]
 [-0.00410172]
 [ 0.00112439]
 [ 0.        ]]

Deformacoes []
[[-0.0061755 ]
 [-0.00072958]
 [ 0.00180914]
 [-0.00433875]
 [ 0.00072953]
 [ 0.00099973]
 [ 0.00184562]
 [-0.00364661]
 [-0.0018457 ]
 [ 0.00304731]
 [-0.003407  ]]

Forcas internas [N]
[[-6484.27553502]
 [ -766.0555582 ]
 [ 1899.59203226]
 [-4555.68651359]
 [  766.01017793]
 [ 1049.71649904]
 [ 1937.90052931]
 [-3828.94019434]
 [-1937.98545424]
 [ 3199.68027176]
 [-3577.35129696]]

Tensoes internas [Pa]
[[-1.23510010e+09]
 [-1.45915344e+08]
 [ 3.61827054e+08]
 [-8.67749812e+08]
 [ 1.45906701e+08]
 [ 1.99946000e+08]
 [ 3.69123910e+08]
 [-7.29321942e+08]
 [-3.69140087e+08]
 [ 6.09462909e+08]
 [-6.81400247e+08]]